0 0.869704 0.865390 0.839003
1 0.869704 0.865390 0.839003
2 0.926287 0.930662 0.927798
3 0.758188 0.763433 0.752614
4 0.892087 0.898011 0.902101
5 0.752509 0.761876 0.771060
6 0.844438 0.840831 0.809381
7 0.865661 0.865883 0.847250
8 0.887921 0.886491 0.879814
9 0.822676 0.825018 0.858717
10 0.827718 0.827793 0.790112
11 0.857701 0.859432 0.855135
12 0.875412 0.871109 0.850497
13 0.844329 0.846824 0.879253
14 0.884937 0.885372 0.868285
15 0.823821 0.821710 0.796565
16 0.876332 0.881762 0.827043
17 0.827112 0.834622 0.848861
18 0.887169 0.892877 0.899082
19 0.886587 0.880697 0.850403
20 0.808360 0.809279 0.789420
21 0.835266 0.836871 0.849255
22 0.886376 0.883827 0.877234
23 0.792352 0.802572 0.835249
24 0.829982 0.830336 0.832076
25 0.774949 0.775532 0.747787
26 0.672095 0.685807 0.710625
27 0.782942 0.780517 0.763973
28 0.894617 0.899558 0.901984
29 0.864847 0.865424 0.865855
30 0.850394 0.855656 0.814379
31 0.485602 0.484453 0.473190
32 0.560462 0.560039 0.560728
33 0.710049 0.715763 0.721512
34 0.823834 0.831389 0.842760
35 0.849220 0.847216 0.838753
36 0.822242 0.825697 0.811912
37 0.846856 0.852277 0.859335
38 0.806600 0.819034 0.829850
39 0.832121 0.834912 0.839118
40 0.864248 0.858225 0.866451
41 0.812985 0.812140 0.790040
42 0.860729 0.868836 0.873491
43 0.809114 0.808665 0.830784
44 0.709970 0.705752 0.670124
45 0.636178 0.627568 0.596064
46 0.635307 0.633602 0.622272
47 0.654917 0.656084 0.650165
48 0.933438 0.938246 0.959079
49 0.896595 0.904332 0.896760
50 0.801264 0.803310 0.808824
51 0.153521 0.151124 0.164807
52 0.642172 0.643678 0.649703
53 0.739019 0.737033 0.711013
54 0.882263 0.884400 0.850745
55 0.842060 0.843531 0.837664
56 0.912466 0.913514 0.948217
57 0.949165 0.945867 0.933660
58 0.882120 0.889845 0.903743
59 0.821398 0.833808 0.888750
60 0.213705 0.211018 0.209151
61 0.174682 0.163215 0.171761
62 0.675900 0.675865 0.669020
63 0.719352 0.728951 0.760054
64 0.788105 0.789376 0.788062
65 0.871169 0.868943 0.831844
66 0.924834 0.928863 0.882989
67 0.868299 0.870587 0.849225
68 0.828985 0.840405 0.817532
69 0.800290 0.800080 0.815920
70 0.203827 0.203382 0.191181
71 0.348238 0.348353 0.362656
72 0.684279 0.686742 0.656988
73 0.946958 0.946490 0.940489
74 0.963136 0.966006 0.933655
75 0.651232 0.656880 0.665211
76 0.640505 0.643417 0.665651
77 0.771663 0.770799 0.784813
78 0.822854 0.818445 0.782198
79 0.876630 0.875681 0.877025
80 0.901481 0.899874 0.859925
81 0.932160 0.930834 0.879162
82 0.908812 0.911556 0.910054
83 0.965241 0.964674 0.938907
84 0.925459 0.933708 0.939384
85 0.865205 0.869329 0.854389
86 0.860043 0.863892 0.855114
87 0.800564 0.795159 0.795211
88 0.430306 0.430431 0.434136
89 0.640763 0.642790 0.604757
90 0.848029 0.846107 0.825085
91 0.979382 0.978976 0.948852
92 0.955143 0.944758 0.924649
93 0.904718 0.914953 0.930404
94 0.822059 0.824936 0.809922
95 0.819422 0.826728 0.813173
96 0.186521 0.185640 0.177035
97 0.355850 0.357248 0.364668
98 0.650250 0.656535 0.643578
99 0.875998 0.883275 0.880579
100 0.800138 0.809585 0.811318
101 0.653867 0.658917 0.654669
102 0.193560 0.194161 0.199420
103 0.366055 0.365931 0.357591
104 0.589965 0.594868 0.569809
105 0.696279 0.690954 0.672764
106 0.755462 0.749957 0.726771
107 0.798240 0.800823 0.821329
108 0.843207 0.837883 0.782011
109 0.889094 0.894105 0.883242
110 0.925889 0.924380 0.899247
111 0.906253 0.906672 0.866352
112 0.922493 0.927998 0.906400
113 0.996909 0.986087 0.926161
114 1.000000 1.000000 1.000000
115 0.982224 0.975178 0.936287
116 0.885328 0.878116 0.815513
117 0.929678 0.933304 0.948094
118 0.933871 0.934927 0.931354
119 0.930703 0.940204 0.964442
120 0.894710 0.903040 0.921765
121 0.963569 0.953311 0.877705
122 0.896845 0.894284 0.895284
123 0.864288 0.863832 0.843495
124 0.869445 0.862653 0.852890
125 0.842660 0.846536 0.879173
126 0.855283 0.853108 0.824178
127 0.503836 0.502728 0.467930
128 0.140961 0.139864 0.141310
129 0.408088 0.413217 0.435243
130 0.560298 0.559369 0.553110
131 0.733006 0.736973 0.750133
132 0.721923 0.720267 0.704329
133 0.803432 0.793435 0.757076
134 0.809819 0.815716 0.802729
135 0.886870 0.888073 0.851540
136 0.885655 0.881848 0.844646
137 0.941316 0.938747 0.905239
138 0.960746 0.950464 0.927787
139 0.937930 0.934789 0.885352
140 0.893850 0.902135 0.902709
141 0.810531 0.803498 0.783713
142 0.951533 0.953885 0.982128
143 0.893534 0.895135 0.906764
144 0.936712 0.939934 0.950337
145 0.945374 0.946636 0.939847
146 0.919767 0.917297 0.912784
147 0.936809 0.938255 0.928615
148 0.904581 0.905149 0.911898
149 0.847141 0.840727 0.842708
150 0.842170 0.836584 0.839028
151 0.822150 0.819710 0.800900
152 0.811586 0.813611 0.831983
153 0.787157 0.782736 0.771816
154 0.223085 0.223029 0.228109
155 0.256032 0.259481 0.258469
156 0.397798 0.396038 0.395052
157 0.682546 0.678940 0.678987
158 0.724086 0.728249 0.748242
159 0.790256 0.784257 0.757850
160 0.760683 0.762271 0.731143
161 0.862315 0.862133 0.823434
162 0.846368 0.855586 0.849505
163 0.883241 0.885330 0.864496
164 0.911485 0.908376 0.882206
165 0.910671 0.919483 0.912392
166 0.907521 0.908796 0.861621
167 0.892183 0.893422 0.852150
168 0.754361 0.750643 0.715573
169 0.824515 0.821535 0.833626
170 0.867985 0.865149 0.836793
171 0.905879 0.906232 0.901812
172 0.937712 0.936303 0.909025
173 0.878331 0.885968 0.921836
174 0.877509 0.886313 0.871459
175 0.825402 0.821015 0.794417
176 0.837185 0.843017 0.840060
177 0.809252 0.817571 0.843373
178 0.832025 0.831741 0.821520
179 0.793109 0.799390 0.815842
180 0.558468 0.557304 0.536121
181 0.126604 0.123224 0.116868
182 0.441449 0.439716 0.433127
183 0.399731 0.402953 0.406542
184 0.518749 0.514871 0.520020
185 0.585957 0.578986 0.559656
186 0.546798 0.544933 0.529190
187 0.574450 0.570058 0.544394
188 0.624313 0.617373 0.584059
189 0.601149 0.601222 0.591271
190 0.657368 0.656031 0.623364
191 0.627578 0.633191 0.673780
192 0.666498 0.670444 0.674423
193 0.662398 0.658474 0.642661
194 0.566982 0.567893 0.575603
195 0.630635 0.622931 0.618377
196 0.635942 0.634931 0.611383
197 0.658312 0.665609 0.686850
198 0.689485 0.686610 0.666460
199 0.681618 0.686133 0.674945
200 0.644310 0.647766 0.637143
201 0.628432 0.620801 0.629759
202 0.590851 0.593555 0.602597
203 0.587031 0.586568 0.617852
204 0.552311 0.550363 0.528533
205 0.575438 0.569327 0.530618
206 0.509518 0.513856 0.530671
207 0.262293 0.255832 0.233790
208 0.141187 0.140338 0.130413
209 0.170604 0.174717 0.159326
210 0.189748 0.191201 0.175263
211 0.210989 0.213208 0.195615
212 0.228994 0.232046 0.203983
213 0.168520 0.169122 0.145538
214 0.207894 0.209511 0.185240
215 0.201280 0.201565 0.179539
216 0.204014 0.204703 0.188100
217 0.168430 0.168735 0.156550
218 0.220053 0.220692 0.198089
219 0.191967 0.190554 0.170210
220 0.192433 0.195221 0.181188
221 0.162888 0.163393 0.144608
222 0.344262 0.349054 0.324090
223 0.370283 0.373239 0.339256
224 0.355700 0.355492 0.311126
225 0.341317 0.341719 0.309829
226 0.407126 0.408377 0.362111
227 0.444747 0.445276 0.389362
228 0.454021 0.454312 0.411768
229 0.417589 0.422649 0.395917
230 0.478019 0.481614 0.452040
231 0.241582 0.241683 0.206676
232 0.486945 0.491069 0.432415
233 0.410613 0.412025 0.366861
234 0.398894 0.402740 0.369259
235 0.387454 0.388389 0.341462
236 0.411698 0.410233 0.370785
237 0.262654 0.265567 0.246102
238 0.430480 0.431876 0.398760
239 0.518555 0.525819 0.498474
240 0.775799 0.777619 0.712681
241 0.570673 0.571149 0.535601
242 0.646426 0.652448 0.643449
243 0.357202 0.363095 0.341713
244 0.589069 0.594923 0.564874
245 0.430477 0.432927 0.404681
246 0.302677 0.305717 0.291653
247 0.300740 0.305616 0.289495
248 0.508437 0.514483 0.474357
249 0.711112 0.722661 0.670576
250 0.844465 0.851005 0.815441
251 0.578324 0.585996 0.563086
252 0.712396 0.718908 0.685515
